,age(years),bmi(kg/m*2),gravida,sbp(mmHg),dbp(mmHg),proteinuria(mg/day),blood_urea_nitrogen(mmol/L),serum_creatinine(mmol/L),serum_uric_acid(umol/L),gfr(ml/min/1.73m*2),alanine_aminotransferase(U/L),asparate_aminotransferase(U/L),platelets(*10*9/L),albumin(g/L),"severity(0:mild,1:moderate,2:severe)"
0,34,26.0,1,148.0,89.0,447.0,3.0,48.0,333.0,149.0,31.0,44.0,274.0,34.0,0
1,31,23.0,2,145.0,86.0,615.0,4.0,45.0,410.0,112.0,17.0,34.0,264.0,31.0,0
2,32,24.0,1,152.0,95.0,451.0,3.0,54.0,323.0,169.0,10.0,20.0,186.0,38.0,0
3,34,26.0,1,149.0,97.0,416.0,3.0,52.0,245.0,158.0,23.0,48.0,278.0,35.0,0
4,30,22.0,1,146.0,93.0,533.0,3.0,49.0,337.0,118.0,21.0,13.0,243.0,32.0,0
5,35,27.0,2,148.0,90.0,365.0,4.0,54.0,302.0,121.0,25.0,26.0,192.0,34.0,0
6,32,24.0,1,151.0,95.0,447.0,3.0,46.0,419.0,100.0,13.0,44.0,274.0,37.0,0
7,32,24.0,1,144.0,87.0,466.0,3.0,48.0,251.0,119.0,13.0,24.0,293.0,30.0,0
8,34,26.0,1,148.0,89.0,559.0,3.0,51.0,333.0,150.0,26.0,28.0,246.0,34.0,0
9,29,21.0,2,152.0,92.0,675.0,4.0,44.0,352.0,99.0,26.0,16.0,259.0,38.0,0
10,30,22.0,1,152.0,85.0,432.0,3.0,48.0,441.0,127.0,5.0,16.0,288.0,38.0,0
11,34,26.0,1,149.0,89.0,444.0,3.0,52.0,445.0,135.0,24.0,29.0,271.0,35.0,0
12,30,22.0,1,146.0,93.0,496.0,3.0,52.0,305.0,99.0,4.0,41.0,275.0,32.0,0
13,30,22.0,1,145.0,93.0,475.0,3.0,49.0,433.0,161.0,26.0,45.0,302.0,31.0,0
14,35,27.0,2,149.0,90.0,494.0,4.0,46.0,318.0,157.0,32.0,29.0,224.0,35.0,0
15,32,24.0,1,149.0,87.0,653.0,3.0,45.0,347.0,118.0,4.0,8.0,173.0,35.0,0
16,31,23.0,2,144.0,86.0,602.0,4.0,49.0,330.0,130.0,23.0,27.0,259.0,30.0,0
17,35,27.0,2,147.0,90.0,638.0,4.0,49.0,334.0,155.0,35.0,7.0,209.0,33.0,0
18,35,27.0,2,146.0,90.0,536.0,4.0,44.0,382.0,119.0,14.0,29.0,301.0,32.0,0
19,30,22.0,1,143.0,85.0,621.0,3.0,47.0,361.0,146.0,24.0,49.0,192.0,29.0,0
20,33,25.0,2,149.0,88.0,505.0,4.0,46.0,380.0,156.0,27.0,35.0,229.0,35.0,0
21,32,24.0,1,153.0,87.0,658.0,3.0,43.0,283.0,139.0,29.0,43.0,193.0,33.0,0
22,29,21.0,2,147.0,84.0,366.0,4.0,49.0,232.0,157.0,30.0,7.0,260.0,29.0,0
23,35,27.0,2,143.0,90.0,597.0,4.0,53.0,318.0,112.0,18.0,26.0,220.0,32.0,0
24,31,23.0,2,153.0,94.0,580.0,4.0,47.0,388.0,159.0,17.0,38.0,230.0,28.0,0
25,33,25.0,2,146.0,96.0,393.0,4.0,43.0,268.0,159.0,5.0,17.0,186.0,37.0,0
26,33,25.0,2,142.0,88.0,403.0,4.0,53.0,360.0,144.0,9.0,27.0,222.0,33.0,0
27,29,21.0,2,153.0,84.0,514.0,4.0,46.0,422.0,159.0,23.0,49.0,279.0,36.0,0
28,35,27.0,2,151.0,94.0,532.0,4.0,42.0,418.0,148.0,11.0,30.0,226.0,28.0,0
29,31,23.0,2,147.0,87.0,615.0,4.0,53.0,251.0,152.0,20.0,32.0,235.0,38.0,0
30,32,24.0,1,153.0,83.0,534.0,3.0,51.0,391.0,161.0,6.0,47.0,302.0,38.0,0
31,28,20.0,1,150.0,94.0,519.0,3.0,47.0,434.0,100.0,27.0,33.0,222.0,37.0,0
32,31,23.0,2,142.0,92.0,395.0,4.0,54.0,288.0,148.0,16.0,21.0,306.0,30.0,0
33,29,21.0,2,152.0,88.0,399.0,4.0,53.0,252.0,104.0,11.0,20.0,192.0,34.0,0
34,33,25.0,2,152.0,95.0,588.0,4.0,50.0,319.0,118.0,28.0,49.0,244.0,31.0,0
35,32,24.0,1,151.0,94.0,664.0,3.0,42.0,279.0,136.0,4.0,8.0,189.0,36.0,0
36,31,23.0,2,153.0,91.0,475.0,4.0,52.0,289.0,115.0,22.0,42.0,303.0,30.0,0
37,28,20.0,1,153.0,83.0,651.0,3.0,52.0,400.0,101.0,30.0,12.0,260.0,32.0,0
38,28,20.0,1,144.0,93.0,479.0,3.0,51.0,418.0,157.0,9.0,26.0,231.0,30.0,0
39,30,22.0,1,153.0,93.0,365.0,3.0,53.0,438.0,111.0,10.0,14.0,185.0,34.0,0
40,30,22.0,1,148.0,97.0,673.0,3.0,53.0,245.0,106.0,16.0,44.0,180.0,32.0,0
41,34,26.0,1,145.0,92.0,511.0,3.0,44.0,420.0,150.0,19.0,23.0,261.0,36.0,0
42,29,21.0,2,150.0,94.0,618.0,4.0,53.0,420.0,99.0,6.0,9.0,224.0,34.0,0
43,35,27.0,2,144.0,94.0,433.0,4.0,48.0,405.0,157.0,4.0,30.0,301.0,29.0,0
44,31,23.0,2,146.0,97.0,660.0,4.0,45.0,420.0,168.0,8.0,19.0,255.0,31.0,0
45,31,23.0,2,144.0,96.0,358.0,4.0,50.0,281.0,141.0,6.0,14.0,263.0,36.0,0
46,35,27.0,2,148.0,96.0,586.0,4.0,44.0,338.0,105.0,31.0,31.0,282.0,29.0,0
47,34,26.0,1,146.0,97.0,609.0,3.0,46.0,285.0,144.0,20.0,7.0,179.0,37.0,0
48,33,25.0,2,150.0,96.0,397.0,4.0,44.0,294.0,132.0,28.0,25.0,206.0,36.0,0
49,33,25.0,2,148.0,85.0,436.0,4.0,48.0,361.0,133.0,36.0,33.0,252.0,37.0,0
50,34,26.0,1,143.0,94.0,608.0,3.0,46.0,281.0,147.0,12.0,12.0,221.0,32.0,0
51,33,25.0,2,145.0,89.0,379.0,4.0,50.0,365.0,101.0,16.0,49.0,275.0,29.0,0
52,30,22.0,1,150.0,86.0,550.0,3.0,48.0,251.0,99.0,33.0,13.0,303.0,31.0,0
53,31,23.0,2,153.0,91.0,425.0,4.0,43.0,303.0,103.0,17.0,40.0,173.0,34.0,0
54,34,26.0,1,143.0,85.0,394.0,3.0,45.0,397.0,151.0,10.0,19.0,305.0,35.0,0
55,31,23.0,2,151.0,87.0,346.0,4.0,50.0,248.0,101.0,16.0,22.0,225.0,30.0,0
56,35,27.0,2,150.0,85.0,398.0,4.0,53.0,362.0,151.0,25.0,41.0,277.0,28.0,0
57,28,20.0,1,151.0,89.0,450.0,3.0,43.0,319.0,160.0,23.0,45.0,175.0,31.0,0
58,30,22.0,1,146.0,87.0,604.0,3.0,51.0,290.0,115.0,18.0,9.0,225.0,29.0,0
59,32,24.0,1,143.0,91.0,654.0,3.0,50.0,244.0,141.0,20.0,7.0,215.0,35.0,0
60,30,22.0,1,145.0,89.0,535.0,3.0,51.0,239.0,131.0,26.0,11.0,185.0,31.0,0
61,34,26.0,1,153.0,84.0,562.0,3.0,46.0,320.0,159.0,28.0,47.0,266.0,29.0,0
62,32,24.0,1,153.0,86.0,388.0,3.0,43.0,283.0,111.0,27.0,9.0,219.0,33.0,0
63,28,20.0,1,148.0,91.0,506.0,3.0,45.0,360.0,145.0,31.0,34.0,186.0,33.0,0
64,34,26.0,1,153.0,94.0,546.0,3.0,53.0,314.0,112.0,17.0,23.0,211.0,37.0,0
65,29,21.0,2,149.0,96.0,614.0,4.0,53.0,322.0,169.0,3.0,31.0,253.0,31.0,0
66,31,23.0,2,144.0,84.0,648.0,4.0,48.0,341.0,159.0,27.0,49.0,282.0,33.0,0
67,28,20.0,1,142.0,92.0,615.0,3.0,53.0,418.0,137.0,9.0,39.0,224.0,29.0,0
68,31,23.0,2,145.0,91.0,559.0,4.0,54.0,429.0,150.0,11.0,15.0,195.0,37.0,0
69,33,25.0,2,143.0,92.0,596.0,4.0,49.0,402.0,121.0,26.0,41.0,295.0,29.0,0
70,29,21.0,2,149.0,87.0,534.0,4.0,44.0,238.0,123.0,3.0,19.0,212.0,37.0,0
71,29,21.0,2,145.0,84.0,640.0,4.0,42.0,405.0,157.0,10.0,36.0,186.0,31.0,0
72,28,20.0,1,143.0,86.0,557.0,3.0,45.0,265.0,138.0,26.0,20.0,216.0,35.0,0
73,29,21.0,2,147.0,94.0,552.0,4.0,43.0,436.0,126.0,13.0,13.0,236.0,34.0,0
74,32,24.0,1,147.0,97.0,581.0,3.0,49.0,311.0,112.0,19.0,19.0,260.0,36.0,0
75,29,21.0,2,151.0,94.0,682.0,4.0,45.0,394.0,142.0,10.0,28.0,242.0,35.0,0
76,29,23.0,2,157.0,95.0,2036.0,6.0,37.0,347.0,139.0,38.0,45.0,175.0,28.0,1
77,32,26.0,2,159.0,96.0,2234.0,6.0,41.0,401.0,145.0,38.0,26.0,254.0,36.0,1
78,33,27.0,1,158.0,91.0,1949.0,6.0,89.0,429.0,83.0,36.0,21.0,167.0,25.0,1
79,28,22.0,2,160.0,89.0,1374.0,6.0,39.0,299.0,75.0,8.0,50.0,274.0,38.0,1
80,26,20.0,1,155.0,92.0,1921.0,7.0,89.0,431.0,82.0,31.0,23.0,174.0,28.0,1
81,29,23.0,2,155.0,90.0,1345.0,5.0,98.0,351.0,137.0,10.0,52.0,254.0,31.0,1
82,27,21.0,1,157.0,96.0,1537.0,3.0,53.0,403.0,85.0,12.0,58.0,229.0,33.0,1
83,33,27.0,2,155.0,92.0,1650.0,6.0,79.0,301.0,82.0,11.0,29.0,177.0,32.0,1
84,29,23.0,1,155.0,90.0,2222.0,4.0,69.0,351.0,109.0,15.0,31.0,281.0,35.0,1
85,27,21.0,1,159.0,94.0,2338.0,6.0,97.0,443.0,109.0,37.0,30.0,247.0,35.0,1
86,31,25.0,2,157.0,94.0,1172.0,4.0,49.0,341.0,107.0,36.0,50.0,174.0,35.0,1
87,31,25.0,1,159.0,98.0,1222.0,4.0,83.0,459.0,79.0,26.0,46.0,201.0,36.0,1
88,35,29.0,2,160.0,92.0,1678.0,6.0,50.0,311.0,115.0,27.0,34.0,201.0,32.0,1
89,29,23.0,2,161.0,94.0,2525.0,7.0,97.0,392.0,102.0,38.0,20.0,199.0,36.0,1
90,31,25.0,2,160.0,90.0,2310.0,4.0,75.0,345.0,81.0,25.0,50.0,289.0,38.0,1
91,27,21.0,2,161.0,98.0,1805.0,4.0,88.0,312.0,147.0,30.0,6.0,171.0,36.0,1
92,35,29.0,2,159.0,90.0,2244.0,6.0,59.0,337.0,146.0,38.0,30.0,272.0,24.0,1
93,27,21.0,2,160.0,98.0,2320.0,4.0,61.0,379.0,86.0,4.0,12.0,269.0,32.0,1
94,35,29.0,2,157.0,92.0,1750.0,4.0,95.0,408.0,108.0,38.0,14.0,288.0,30.0,1
95,29,23.0,2,154.0,96.0,1549.0,6.0,76.0,350.0,107.0,17.0,29.0,207.0,32.0,1
96,33,27.0,2,159.0,95.0,1576.0,6.0,64.0,321.0,122.0,6.0,6.0,194.0,31.0,1
97,32,26.0,2,161.0,97.0,1446.0,3.0,50.0,451.0,97.0,4.0,49.0,173.0,24.0,1
98,34,28.0,2,158.0,96.0,1536.0,7.0,80.0,421.0,136.0,8.0,13.0,239.0,35.0,1
99,33,27.0,1,161.0,93.0,1388.0,7.0,100.0,338.0,111.0,29.0,29.0,238.0,31.0,1
100,30,24.0,1,158.0,90.0,2175.0,4.0,44.0,454.0,118.0,17.0,16.0,178.0,31.0,1
101,27,21.0,2,155.0,93.0,1198.0,7.0,36.0,312.0,109.0,30.0,56.0,200.0,38.0,1
102,30,24.0,2,160.0,96.0,2209.0,4.0,43.0,342.0,139.0,12.0,22.0,199.0,34.0,1
103,33,27.0,2,158.0,98.0,1292.0,3.0,98.0,362.0,121.0,18.0,13.0,214.0,26.0,1
104,35,29.0,2,161.0,97.0,1358.0,6.0,46.0,386.0,77.0,18.0,40.0,285.0,24.0,1
105,34,28.0,2,155.0,97.0,1937.0,6.0,43.0,368.0,75.0,29.0,40.0,189.0,31.0,1
106,34,28.0,2,154.0,89.0,2087.0,6.0,70.0,306.0,79.0,16.0,38.0,228.0,26.0,1
107,26,20.0,2,157.0,97.0,2214.0,7.0,70.0,385.0,88.0,35.0,10.0,254.0,26.0,1
108,34,28.0,2,157.0,95.0,2229.0,3.0,68.0,426.0,101.0,35.0,47.0,203.0,24.0,1
109,32,26.0,1,157.0,97.0,1660.0,7.0,40.0,433.0,83.0,7.0,44.0,265.0,34.0,1
110,34,28.0,2,158.0,96.0,1564.0,7.0,76.0,360.0,89.0,33.0,46.0,210.0,28.0,1
111,33,27.0,1,154.0,89.0,1962.0,3.0,63.0,436.0,116.0,26.0,33.0,270.0,33.0,1
112,26,20.0,2,158.0,96.0,1256.0,3.0,42.0,378.0,125.0,18.0,12.0,252.0,30.0,1
113,33,27.0,2,160.0,96.0,1841.0,3.0,47.0,433.0,137.0,32.0,14.0,257.0,33.0,1
114,33,27.0,1,158.0,91.0,1883.0,3.0,69.0,460.0,126.0,16.0,13.0,201.0,32.0,1
115,33,30.0,2,160.0,90.0,5354.0,8.0,87.0,601.0,95.0,36.0,50.0,219.0,27.0,2
116,29,22.0,3,168.0,97.0,6474.0,7.0,102.0,571.0,67.0,11.0,72.0,293.0,24.0,2
117,29,20.0,2,166.0,92.0,7624.0,7.0,77.0,381.0,93.0,55.0,71.0,249.0,27.0,2
118,27,27.0,2,168.0,92.0,4812.0,5.0,116.0,368.0,100.0,26.0,86.0,119.0,25.0,2
119,34,22.0,3,167.0,90.0,4286.0,7.0,91.0,475.0,86.0,32.0,93.0,123.0,24.0,2
120,29,22.0,4,160.0,100.0,4654.0,7.0,98.0,541.0,102.0,6.0,61.0,260.0,29.0,2
121,29,20.0,2,167.0,94.0,3990.0,5.0,89.0,608.0,108.0,46.0,100.0,221.0,28.0,2
122,27,30.0,3,167.0,99.0,5268.0,7.0,119.0,373.0,78.0,49.0,62.0,145.0,26.0,2
123,29,24.0,2,162.0,96.0,4647.0,9.0,101.0,388.0,106.0,57.0,75.0,255.0,27.0,2
124,31,29.0,2,160.0,99.0,6574.0,6.0,57.0,402.0,92.0,10.0,73.0,133.0,29.0,2
125,28,26.0,2,167.0,98.0,4347.0,6.0,55.0,556.0,99.0,32.0,82.0,208.0,26.0,2
126,33,29.0,2,162.0,101.0,7975.0,5.0,59.0,439.0,76.0,32.0,78.0,160.0,26.0,2
127,28,28.0,4,162.0,96.0,5541.0,8.0,68.0,512.0,95.0,48.0,60.0,242.0,24.0,2
128,27,31.0,2,160.0,98.0,5462.0,5.0,81.0,554.0,70.0,48.0,65.0,297.0,26.0,2
129,30,26.0,2,164.0,97.0,7026.0,8.0,63.0,375.0,114.0,24.0,73.0,181.0,28.0,2
130,33,28.0,2,169.0,101.0,4843.0,6.0,69.0,567.0,85.0,34.0,39.0,214.0,29.0,2
131,27,27.0,4,166.0,91.0,5506.0,5.0,96.0,441.0,91.0,15.0,73.0,170.0,26.0,2
132,34,31.0,2,169.0,90.0,7098.0,10.0,105.0,471.0,65.0,59.0,75.0,214.0,24.0,2
133,30,21.0,2,168.0,96.0,6941.0,9.0,117.0,597.0,105.0,32.0,85.0,250.0,28.0,2
134,28,20.0,4,166.0,96.0,6409.0,7.0,106.0,345.0,108.0,29.0,52.0,269.0,25.0,2
135,27,26.0,4,168.0,97.0,6513.0,8.0,58.0,558.0,120.0,43.0,41.0,261.0,29.0,2
136,34,26.0,4,167.0,94.0,5381.0,10.0,77.0,595.0,116.0,37.0,39.0,289.0,26.0,2
137,33,27.0,2,161.0,92.0,6844.0,7.0,69.0,547.0,69.0,5.0,43.0,147.0,24.0,2
138,33,24.0,4,160.0,101.0,6477.0,7.0,97.0,355.0,91.0,31.0,64.0,154.0,25.0,2
139,32,22.0,4,166.0,97.0,7411.0,5.0,83.0,382.0,91.0,56.0,93.0,131.0,25.0,2
140,34,31.0,2,166.0,95.0,5147.0,7.0,90.0,519.0,107.0,17.0,101.0,278.0,27.0,2
141,31,27.0,4,167.0,100.0,5765.0,9.0,67.0,403.0,107.0,45.0,52.0,189.0,28.0,2
